
    [962264753707, 6041699109051],              [962264753707, 6041699109051],              5079434355345
    [6041699109053, 8259409660507],             [6041699109053, 8259409660507],             2217710551455
    [12517106852476, 17885912613467],           [12517106852476, 17885912613467],           5368805760992
    [17885912613467, 17885912613467],                       
    [20426179820728, 20900072773349],           [20426179820728, 21137302925949],           711123105222
    [20426179820728, 21137302925949],                       
    [23727132980908, 24603001401235],           [23727132980908, 24692377041223],           965244060316
    [24603001401235, 24692377041223],                       
    [24921876651891, 25189930505444],           [24921876651891, 25189930505444],           268053853554
    [25600577620245, 25783899732513],           [25600577620245, 29730008796749],           4129431176505
    [25783899732513, 26332840585266],                       
    [26097722441977, 26818789285419],                       
    [26522925260154, 27048017714740],                       
    [26818789285419, 27500028074749],                       
    [27500028074749, 28001128997679],                       
    [27779401024357, 28001128997679],                       
    [28001128997679, 28738485844631],                       
    [28441546265925, 28946643221318],                       
    [28441546265925, 29180284211785],                       
    [28946643221318, 29730008796749],                       
    [29180284211785, 29730008796749],                       
    [31432978866415, 35637248224267],           [31432978866415, 35637248224267],           4204269357853
    [35637248224268, 38645470784544],           [35637248224268, 38645470784544],           3008222560277
    [42989499150596, 49378247334244],           [42989499150596, 49378247334244],           6388748183649
    [51321996928312, 51321996928312],           [51321996928312, 58149382333159],           6827385404848
    [51321996928312, 58149382333159],                       
    [63628572996359, 66628254284040],           [63628572996359, 66628254284040],           2999681287682
    [63628572996359, 66628254284040],                       
    [72589080211307, 78415099870601],           [72589080211307, 78415099870601],           5826019659295
    [73644888165784, 76131000838029],                       
    [84920130679541, 89269134684673],           [84920130679541, 89269134684673],           4349004005133
    [89269134684674, 89269134684674],           [89269134684674, 89269134684674],           1
    [93023428038450, 98183188622321],           [93023428038450, 98183188622321],           5159760583872
    [94505334681795, 98183188622321],                       
    [102612830996165, 104469500761976],         [102612830996165, 107918875798501],         5306044802337
    [102612830996165, 107918875798501],                     
    [114939338459819, 114939338459819],         [114939338459819, 114939338459819],         1
    [114939338459820, 119138582403378],         [114939338459820, 119138582403378],         4199243943559
    [120874182899623, 122762189815132],         [120874182899623, 130436031966168],         9561849066546
    [122375914880675, 123870600638342],                     
    [123482404446575, 125472687251453],                     
    [124523639568588, 126529033062109],                     
    [126170609209916, 128081824507706],                     
    [127277194066829, 129270589323885],                     
    [128417379415542, 130436031966168],                     
    [132544507610547, 137087142052530],         [132544507610547, 139827237631659],         7282730021113
    [134929267793493, 139827237631659],                     
    [142579388871358, 148962275463882],         [142579388871358, 148962275463882],         6382886592525
    [142579388871358, 148962275463882],                     
    [151484933308185, 158481850461088],         [151484933308185, 158481850461088],         6996917152904
    [155581812556513, 158481850461088],                     
    [163380603732730, 165782878498884],         [163380603732730, 168545647715998],         5165043983269
    [163380603732730, 168545647715998],                     
    [175149241808595, 175149241808595],         [175149241808595, 175149241808595],         1
    [175149241808596, 179087636204056],         [175149241808596, 179087636204056],         3938394395461
    [182235514601443, 186478410694773],         [182235514601443, 186478410694773],         4242896093331
    [186478410694773, 186478410694773],                     
    [194125833859829, 198449918005728],         [194125833859829, 198449918005728],         4324084145900
    [198449918005729, 198449918005729],         [198449918005729, 198449918005729],         1
    [202477978128141, 205982854352667],         [202477978128141, 205982854352667],         3504876224527
    [205982854352669, 209290832337978],         [205982854352669, 209290832337978],         3307977985310
    [212012929716803, 220403742996021],         [212012929716803, 220403742996021],         8390813279219
    [215396873736574, 217941411729146],                     
    [222148266105282, 230309362759739],         [222148266105282, 230309362759739],         8161096654458
    [231878096452284, 237604614657333],         [231878096452284, 240707044954582],         8828948502299
    [235395632958908, 240707044954582],                     
    [241978613856141, 241978613856141],         [241978613856141, 248260861671440],         6282247815300
    [241978613856141, 248260861671440],                     
    [253028798312085, 256867644218169],         [253028798312085, 256867644218169],         3838845906085
    [256867644218170, 258756363447274],         [256867644218170, 258756363447274],         1888719229105
    [262188459833851, 262699977171339],         [262188459833851, 263246133728782],         1057673894932
    [262528185117162, 263085544855089],         [263782729868133, 264051675157226],         268945289094
    [262528185117162, 263085544855089],                     
    [262528185117162, 263246133728782],                     
    [262699977171339, 263085544855089],                     
    [262699977171339, 263246133728782],                     
    [262699977171339, 263246133728782],                     
    [263782729868133, 264051675157226],                     
    [265818031704004, 266178021034862],         [265818031704004, 266178021034862],         359989330859
    [267452589398241, 268030285196104],         [267452589398241, 269734151922013],         2281562523773
    [268030285196104, 268462129653606],                     
    [268230103327458, 268797341611553],                     
    [268462129653606, 269308538681718],                     
    [269008234292091, 269734151922013],                     
    [271531768899694, 273077136665943],         [271531768899694, 281255682465296],         9723913565603
    [272557611651537, 273797127520072],                     
    [273316887035581, 274848291657662],                     
    [274463477362983, 275863832619429],                     
    [275403302765621, 276626676271015],                     
    [276116643632938, 277514876683302],                     
    [277095147993385, 278659837794324],                     
    [278121291685441, 279423792646708],                     
    [278987466551756, 280406070212435],                     
    [279866996388808, 281255682465296],                     
    [283717918146714, 291086505335569],         [283717918146714, 291086505335569],         7368587188856
    [284352990146276, 286908739119520],                     
    [296019656390500, 300395659650882],         [296019656390500, 300395659650882],         4376003260383
    [296019656390500, 300395659650882],                     
    [302299016140945, 307463890753286],         [302299016140945, 307463890753286],         5164874612342
    [307463890753288, 310619345754687],         [307463890753288, 310619345754687],         3155455001400
    [312085043544302, 312192934237898],         [312085043544302, 312192934237898],         107890693597
    [313087077413334, 313676560982419],         [313087077413334, 314272594986212],         1185517572879
    [313676560982419, 314272594986212],                     
    [314466993982017, 314712513064905],         [314466993982017, 314712513064905],         245519082889
    [315693160736914, 316119983917126],         [315693160736914, 316188509511379],         495348774466
    [316119983917126, 316188509511379],                     
    [317553347526856, 318203463676413],         [317553347526856, 318556053224939],         1002705698084
    [318102362316439, 318556053224939],                     
    [318970716123283, 319809300911099],         [318970716123283, 320639220593398],         1668504470116
    [319809300911099, 320639220593398],                     
    [319809300911099, 320639220593398],                     
    [325208623392997, 328556244653334],         [325208623392997, 328556244653334],         3347621260338
    [328556244653334, 328556244653334],                     
    [331821206314684, 333513262756265],         [331821206314684, 341573247957386],         9752041642703
    [333174891890554, 334988015572048],                     
    [334147049549245, 335926042899456],                     
    [335392597509604, 337205669446452],                     
    [336646854435127, 338053502056979],                     
    [337646029202255, 339387500067209],                     
    [338714983554929, 340500998929847],                     
    [339893944525735, 341573247957386],                     
    [342665552480232, 351143879956110],         [342665552480232, 351143879956110],         8478327475879
    [346565096006290, 351143879956110],                     
    [355361191896455, 360200554003391],         [355361191896455, 360200554003391],         4839362106937
    [362625807626180, 370269641605432],         [362625807626180, 370269641605432],         7643833979253
    [370269641605433, 370269641605433],         [370269641605433, 370269641605433],         1
    [372849446456380, 377649615919739],         [372849446456380, 377649615919739],         4800169463360
    [377649615919740, 379699191722247],         [377649615919740, 379699191722247],         2049575802508
    [383085173648020, 388160587680424],         [383085173648020, 391745365774918],         8660192126899
    [385670052358832, 391745365774918],                     
    [393782800985246, 393782800985246],         [393782800985246, 399415465035554],         5632664050309
    [393782800985246, 399415465035554],                     
    [404581299168828, 406869527717397],         [404581299168828, 409435707818761],         4854408649934
    [404581299168828, 409435707818761],                     
    [414549244618548, 414549244618548],         [414549244618548, 414549244618548],         1
    [414549244618549, 420017715070945],         [414549244618549, 420017715070945],         5468470452397
    [422613323679727, 423096430225013],         [422613323679727, 424612005634052],         1998681954326
    [422895203642572, 423502470336830],                     
    [423438371167408, 423502470336830],                     
    [423438371167408, 424166511008291],                     
    [423843770045988, 424166511008291],                     
    [424166511008291, 424360470436452],                     
    [424166511008291, 424612005634052],                     
    [424891088952857, 425356002864623],         [424891088952857, 426664928888235],         1773839935379
    [425054220427689, 425356002864623],                     
    [425356002864623, 426054214787874],                     
    [425824611813033, 426664928888235],                     
    [427077744871335, 427426180796775],         [427077744871335, 427426180796775],         348435925441
    [427575616353376, 428143904474569],         [427575616353376, 428370887361456],         795271008081
    [427575616353376, 428143904474569],                     
    [427881334159983, 428370887361456],                     
    [428916202837418, 429422397505146],         [428916202837418, 429538127636993],         621924799576
    [428916202837418, 429422397505146],                     
    [428916202837418, 429538127636993],                     
    [428916202837418, 429538127636993],                     
    [430096001198177, 430918129809744],         [430096001198177, 430918129809744],         822128611568
    [434963757343316, 438631551475846],         [434963757343316, 438631551475846],         3667794132531
    [438631551475846, 438631551475846],                     
    [445774156312423, 450884035624356],         [445774156312423, 450884035624356],         5109879311934
    [445774156312423, 450884035624356],                     
    [453427253894083, 457095038326658],         [453427253894083, 461098359210451],         7671105316369
    [453427253894083, 461098359210451],                     
    [462762828985082, 467463792918065],         [462762828985082, 467463792918065],         4700963932984
    [467463792918067, 471455932383841],         [467463792918067, 471455932383841],         3992139465775
    [472978879230494, 478831004559105],         [472978879230494, 478831004559105],         5852125328612
    [478831004559106, 478831004559106],         [478831004559106, 478831004559106],         1
    [483666067613425, 490881397596491],         [483666067613425, 490881397596491],         7215329983067
    [487238777185959, 488157184493647],                     
    [495246724746630, 497752594628205],         [495246724746630, 497752594628205],         2505869881576
    [497752594628206, 501454397904299],         [497752594628206, 501454397904299],         3701803276094
    [505492675832765, 510928010190367],         [505492675832765, 510928010190367],         5435334357603
    [506839680367273, 510928010190367],                     
    [515328808609514, 521571901600704],         [515328808609514, 521571901600704],         6243092991191
    [523340675231862, 529066786873501],         [523340675231862, 531678288886630],         8337613654769
    [526622986373255, 531678288886630],                     
    [536907620118594, 536907620118594],         [536907620118594, 541143301356516],         4235681237923
    [536907620118594, 541143301356516],                     
    [547094794199385, 547094794199385],         [547094794199385, 547094794199385],         1
    [547094794199386, 552157901862623],         [547094794199386, 552157901862623],         5063107663238
    [553058446900473, 554826446674715],         [553058446900473, 561730870608778]          8672423708306
    [554289396158190, 555857160884127],                     
    [555064022257716, 556668738494546],                     
    [556126332740713, 557788019054178],                     
    [557131570064931, 558769656642589],                     
    [558261730358597, 559754786418535],                     
    [558983116833360, 560494715305956],                     
    [560238283413109, 561730870608778],                     
    [561373954529617, 562817005870729]                      
            
